100 125284
99 124211
98 123137
97 122063
96 120989
95 119908
94 118841
93 117767
92 116692
91 115619
90 114542
89 113470
88 112396
87 111323
86 110249
85 109170
84 108101
83 107026
82 105953
81 104879
80 103805
79 102731
78 101654
77 100583
76 99510
75 98435
74 97380
73 96303
72 95232
71 94156
70 93084
69 92010
68 90936
67 89858
66 88788
65 87711
64 86640
63 85566
62 84492
61 83418
60 82337
59 81270
58 80193
57 79119
56 78079
55 77002
54 75930
53 74855
52 73779
51 72705
50 71635
49 70606
48 69590
47 68513
46 67443
45 66369
44 65295
43 64219
42 63145
41 62072
40 60999
39 59925
38 58850
37 57775
36 56703
35 55629
34 54555
33 53481
32 52407
31 51333
30 50251
29 49183
28 48104
27 47037
26 45963
25 44887
24 43712
23 42738
22 41666
21 40585
20 39519
19 38516
18 37444
17 36370
16 35295
15 34219
14 33166
13 32123
12 31090
11 30080
10 29091
9 27671
8 26761
7 25851
6 24941
5 24031
4 23121
3 22211
2 21301
1 20389
0 18553
