100 112667
99 111741
98 110777
97 109855
96 108932
95 108009
94 107043
93 106111
92 105192
91 104227
90 103306
89 102336
88 101416
87 100495
86 99573
85 98647
84 97726
83 96802
82 95877
81 94953
80 93989
79 93069
78 92145
77 91222
76 90295
75 89370
74 88451
73 87523
72 86608
71 85685
70 84714
69 83796
68 82869
67 81948
66 81027
65 80114
64 79194
63 78230
62 77307
61 76336
60 75374
59 74452
58 73525
57 72563
56 71655
55 70683
54 69766
53 68843
52 67920
51 66997
50 66070
49 65148
48 64241
47 63350
46 62424
45 61504
44 60577
43 59585
42 58692
41 57769
40 56773
39 55802
38 54884
37 53916
36 52995
35 52014
34 51086
33 50125
32 49200
31 48276
30 47356
29 46374
28 45450
27 44574
26 43561
25 42638
24 41777
23 40766
22 39843
21 38949
20 37969
19 37000
18 36007
17 35127
16 34100
15 33180
14 32211
13 31291
12 30428
11 29447
10 28537
9 27511
8 26598
7 25794
6 24880
5 23871
4 23063
3 22154
2 21244
1 20229
0 18500
