100 112798
99 111871
98 110941
97 110009
96 109079
95 108147
94 107217
93 106286
92 105353
91 104419
90 103493
89 102557
88 101631
87 100699
86 99763
85 98831
84 97907
83 96962
82 96031
81 95095
80 94169
79 93237
78 92307
77 91376
76 90458
75 89523
74 88597
73 87661
72 86731
71 85804
70 84852
69 83928
68 82993
67 82066
66 81106
65 80175
64 79245
63 78314
62 77383
61 76452
60 75521
59 74691
58 73673
57 72742
56 71781
55 70851
54 69918
53 68990
52 68044
51 67099
50 66155
49 65222
48 64293
47 63362
46 62428
45 61499
44 60583
43 59652
42 58707
41 57767
40 56806
39 55876
38 54946
37 54006
36 53079
35 52160
34 51231
33 50260
32 49339
31 48410
30 47480
29 46555
28 45601
27 44647
26 43727
25 42796
24 41863
23 41037
22 40017
21 39086
20 38140
19 37206
18 36293
17 35376
16 34518
15 33498
14 32541
13 31610
12 30651
11 29720
10 28864
9 27568
8 26655
7 25834
6 24928
5 23928
4 23018
3 22103
2 21297
1 20387
0 18550
