100 112589
99 111661
98 110727
97 109800
96 108863
95 107927
94 107007
93 106073
92 105137
91 104210
90 103274
89 102256
88 101416
87 100483
86 99465
85 98529
84 97693
83 96753
82 95828
81 94900
80 93967
79 93024
78 92103
77 91178
76 90243
75 89317
74 88288
73 87352
72 86416
71 85569
70 84643
69 83708
68 82686
67 81849
66 80917
65 79982
64 79054
63 78123
62 77186
61 76254
60 75332
59 74393
58 73470
57 72442
56 71602
55 70670
54 69739
53 68814
52 67878
51 66942
50 66018
49 65075
48 64157
47 63227
46 62297
45 61271
44 60442
43 59501
42 58567
41 57623
40 56701
39 55769
38 54851
37 53920
36 52988
35 52048
34 51117
33 50094
32 49255
31 48317
30 47374
29 46459
28 45526
27 44497
26 43660
25 42732
24 41806
23 40870
22 39932
21 39007
20 38072
19 37144
18 36208
17 35284
16 34355
15 33416
14 32488
13 31558
12 30631
11 29686
10 28762
9 27523
8 26713
7 25797
6 24880
5 23982
4 23062
3 22165
2 21251
1 20344
0 18495
