100 125771
99 124680
98 123605
97 122522
96 121438
95 120253
94 119168
93 118190
92 117105
91 116015
90 114941
89 113855
88 112773
87 111684
86 110600
85 109523
84 108443
83 107360
82 106174
81 105191
80 104111
79 103020
78 101942
77 100862
76 99774
75 98593
74 97613
73 96530
72 95442
71 94364
70 93281
69 92195
68 91115
67 90032
66 88949
65 87860
64 86783
63 85700
62 84616
61 83534
60 82451
59 81359
58 80280
57 79202
56 78118
55 77035
54 75943
53 74870
52 73784
51 72704
50 71614
49 70538
48 69455
47 68372
46 67182
45 66203
44 65119
43 64039
42 62852
41 61874
40 60791
39 59706
38 58623
37 57542
36 56459
35 55273
34 54293
33 53210
32 52126
31 51043
30 49958
29 48775
28 47795
27 46710
26 45629
25 44546
24 43564
23 42478
22 41398
21 40315
20 39233
19 38148
18 37066
17 35974
16 34901
15 33817
14 32745
13 31688
12 30649
11 29619
10 28610
9 27614
8 26704
7 25794
6 24884
5 23974
4 23064
3 22154
2 21244
1 20332
0 18495
