100 112745
99 111814
98 110879
97 109948
96 109013
95 108079
94 107147
93 106216
92 105281
91 104350
90 103415
89 102484
88 101548
87 100614
86 99683
85 98751
84 97817
83 96885
82 95951
81 95020
80 94085
79 93152
78 92219
77 91284
76 90353
75 89422
74 88487
73 87553
72 86621
71 85686
70 84755
69 83824
68 82889
67 81958
66 81023
65 80089
64 79157
63 78225
62 77291
61 76359
60 75425
59 74494
58 73559
57 72628
56 71693
55 70762
54 69827
53 68896
52 67961
51 67030
50 66095
49 65164
48 64229
47 63298
46 62363
45 61428
44 60496
43 59562
42 58631
41 57697
40 56765
39 55832
38 54899
37 53966
36 53033
35 52102
34 51167
33 50232
32 49301
31 48367
30 47435
29 46504
28 45569
27 44637
26 43703
25 42768
24 41837
23 40905
22 39971
21 39037
20 38105
19 37174
18 36239
17 35308
16 34373
15 33441
14 32506
13 31571
12 30639
11 29704
10 28768
9 27626
8 26716
7 25806
6 24896
5 23986
4 23076
3 22165
2 21254
1 20238
0 18495
