100 111860
99 110934
98 110013
97 109096
96 108168
95 107244
94 106318
93 105395
92 104474
91 103551
90 102627
89 101702
88 100687
87 99765
86 98935
85 98010
84 97085
83 96161
82 95231
81 94315
80 93391
79 92373
78 91537
77 90610
76 89695
75 88768
74 87754
73 86918
72 85997
71 85078
70 84150
69 83223
68 82208
67 81374
66 80450
65 79535
64 78514
63 77682
62 76757
61 75742
60 74911
59 73980
58 73049
57 72131
56 71208
55 70199
54 69363
53 68446
52 67521
51 66593
50 65580
49 64741
48 63822
47 62902
46 61976
45 61056
44 60132
43 59209
42 58284
41 57362
40 56427
39 55514
38 54584
37 53668
36 52740
35 51821
34 50895
33 49964
32 49050
31 48120
30 47195
29 46273
28 45347
27 44428
26 43506
25 42578
24 41658
23 40732
22 39714
21 38884
20 37958
19 37040
18 36116
17 35192
16 34263
15 33342
14 32417
13 31497
12 30575
11 29650
10 28722
9 27670
8 26754
7 25853
6 24938
5 24029
4 23114
3 22209
2 21302
1 20391
0 18557
