100 112123
99 111196
98 110269
97 109344
96 108417
95 107490
94 106563
93 105636
92 104708
91 103782
90 102855
89 101928
88 101001
87 100074
86 99147
85 98220
84 97293
83 96366
82 95439
81 94512
80 93585
79 92658
78 91730
77 90804
76 89877
75 88950
74 88022
73 87095
72 86168
71 85242
70 84313
69 83388
68 82461
67 81534
66 80606
65 79680
64 78753
63 77826
62 76899
61 75972
60 75045
59 74118
58 73191
57 72264
56 71337
55 70410
54 69483
53 68556
52 67629
51 66701
50 65775
49 64848
48 63921
47 62994
46 62067
45 61142
44 60216
43 59290
42 58363
41 57436
40 56511
39 55585
38 54658
37 53732
36 52803
35 51877
34 50951
33 50026
32 49101
31 48174
30 47249
29 46324
28 45397
27 44470
26 43543
25 42618
24 41691
23 40763
22 39837
21 38912
20 37985
19 37058
18 36131
17 35206
16 34281
15 33356
14 32431
13 31506
12 30583
11 29658
10 28733
9 27673
8 26763
7 25853
6 24943
5 24033
4 23123
3 22213
2 21299
1 20391
0 18549
